{
 "cells": [
  {
   "cell_type": "code",
   "execution_count": 1,
   "metadata": {},
   "outputs": [],
   "source": [
    "import pandas\n",
    "\n",
    "from bokeh.layouts import column\n",
    "from bokeh.models import ColumnDataSource,RangeTool\n",
    "from bokeh.plotting import figure,output_file,show"
   ]
  },
  {
   "cell_type": "code",
   "execution_count": 2,
   "metadata": {},
   "outputs": [],
   "source": [
    "df = pandas.read_html('https://coinmarketcap.com/currencies/bitcoin/historical-data/?start=20190220&end=20190320')"
   ]
  },
  {
   "cell_type": "code",
   "execution_count": 3,
   "metadata": {},
   "outputs": [
    {
     "data": {
      "text/plain": [
       "[            Date    Open*     High      Low  Close**       Volume   Market Cap\n",
       " 0   Mar 20, 2019  4070.79  4089.46  4031.11  4087.48  10175916388  71942444088\n",
       " 1   Mar 19, 2019  4032.69  4082.22  4023.81  4071.19   9344919956  71647703828\n",
       " 2   Mar 18, 2019  4029.97  4071.56  4009.12  4032.51   9646954186  70958165407\n",
       " 3   Mar 17, 2019  4047.72  4054.12  4006.41  4025.23   8221625400  70821939585\n",
       " 4   Mar 16, 2019  3963.90  4077.04  3961.66  4048.73   9856166973  71227967573\n",
       " 5   Mar 15, 2019  3926.66  3968.54  3914.02  3960.91   9394210605  69675002377\n",
       " 6   Mar 14, 2019  3905.58  3946.50  3901.30  3924.37  10480789570  69024696307\n",
       " 7   Mar 13, 2019  3913.05  3926.60  3891.90  3906.72   9469184841  68706700381\n",
       " 8   Mar 12, 2019  3903.76  3926.89  3863.56  3909.16   9809887079  68743000581\n",
       " 9   Mar 11, 2019  3953.74  3966.38  3889.24  3905.23  10125901903  68666928025\n",
       " 10  Mar 10, 2019  3966.17  3966.17  3924.38  3951.60   9713267607  69475297370\n",
       " 11  Mar 09, 2019  3894.55  3987.24  3892.39  3963.31  10796103518  69674508655\n",
       " 12  Mar 08, 2019  3913.23  3950.43  3875.23  3901.13  10638638944  68574579320\n",
       " 13  Mar 07, 2019  3903.38  3939.37  3894.11  3911.48   9584165519  68749421311\n",
       " 14  Mar 06, 2019  3897.08  3919.51  3871.46  3903.94   9175291529  68609885776\n",
       " 15  Mar 05, 2019  3759.83  3903.92  3745.18  3896.38  10174126415  68470655400\n",
       " 16  Mar 04, 2019  3845.09  3867.38  3733.75  3761.56   9029175788  66094551587\n",
       " 17  Mar 03, 2019  3862.27  3875.48  3836.91  3847.18   7253558152  67592376373\n",
       " 18  Mar 02, 2019  3855.32  3874.61  3832.13  3864.42   7578786076  67888255371\n",
       " 19  Mar 01, 2019  3853.76  3907.80  3851.69  3859.58   7661247975  67796965743\n",
       " 20  Feb 28, 2019  3848.26  3906.06  3845.82  3854.79   8399767798  67704774107\n",
       " 21  Feb 27, 2019  3857.48  3888.80  3787.06  3851.05   8301309684  67631949500\n",
       " 22  Feb 26, 2019  3878.70  3891.58  3837.99  3854.36   7931218996  67683296223\n",
       " 23  Feb 25, 2019  3807.00  3913.71  3807.00  3882.70   9318796067  68173204651\n",
       " 24  Feb 24, 2019  4145.46  4210.64  3793.71  3810.43  10794227451  66897483404\n",
       " 25  Feb 23, 2019  3998.92  4166.29  3968.73  4142.53   8922258316  72720867208\n",
       " 26  Feb 22, 2019  3952.41  4006.54  3950.82  4005.53   7826525254  70308555857\n",
       " 27  Feb 21, 2019  4000.26  4010.01  3940.11  3954.12   7775128102  69398333876\n",
       " 28  Feb 20, 2019  3946.68  4000.49  3926.25  3999.82   8693373948  70194350042,\n",
       "                            0                            1\n",
       " 0              Bitcoin Price                  8264.49 USD\n",
       " 1                Bitcoin ROI                    +6008.27%\n",
       " 2                Market Rank                           #1\n",
       " 3                 Market Cap          148,503,343,569 USD\n",
       " 4             24 Hour Volume           14,441,583,192 USD\n",
       " 5         Circulating Supply               17,968,850 BTC\n",
       " 6               Total Supply               17,968,850 BTC\n",
       " 7                 Max Supply               21,000,000 BTC\n",
       " 8              All Time High  20089.00 USD (Dec 17, 2017)\n",
       " 9               All Time Low     65.53 USD (Jul 05, 2013)\n",
       " 10        52 Week High / Low   13796.49 USD / 3191.30 USD\n",
       " 11         90 Day High / Low   13129.53 USD / 7830.76 USD\n",
       " 12         30 Day High / Low   10898.76 USD / 7830.76 USD\n",
       " 13          7 Day High / Low    8648.19 USD / 7830.76 USD\n",
       " 14        24 Hour High / Low    8497.69 USD / 8227.70 USD\n",
       " 15    Yesterday's High / Low    8497.69 USD / 8232.68 USD\n",
       " 16  Yesterday's Open / Close    8299.72 USD / 8343.28 USD\n",
       " 17        Yesterday's Change          $43.56 USD (+0.52%)\n",
       " 18        Yesterday's Volume          $15,305,343,413 USD]"
      ]
     },
     "execution_count": 3,
     "metadata": {},
     "output_type": "execute_result"
    }
   ],
   "source": [
    "df"
   ]
  },
  {
   "cell_type": "markdown",
   "metadata": {},
   "source": [
    "在這個網頁裡面有兩個表格，所以在 df 回傳回來的值就會有兩個，但只要第一個表格，所以要用 index[0] 的方式，來回傳第一個表格。\n",
    "\n",
    "此外，第一個表格的時間，是從 3/20 到 2/20，和所想要的時間順序是相反的，所以要用 [::-1] 的方式，全選表格後，進行反轉。"
   ]
  },
  {
   "cell_type": "code",
   "execution_count": 4,
   "metadata": {},
   "outputs": [],
   "source": [
    "df = pandas.read_html('https://coinmarketcap.com/currencies/bitcoin/historical-data/?start=20190220&end=20190320')[0][::-1]"
   ]
  },
  {
   "cell_type": "code",
   "execution_count": 5,
   "metadata": {},
   "outputs": [
    {
     "data": {
      "text/html": [
       "<div>\n",
       "<style scoped>\n",
       "    .dataframe tbody tr th:only-of-type {\n",
       "        vertical-align: middle;\n",
       "    }\n",
       "\n",
       "    .dataframe tbody tr th {\n",
       "        vertical-align: top;\n",
       "    }\n",
       "\n",
       "    .dataframe thead th {\n",
       "        text-align: right;\n",
       "    }\n",
       "</style>\n",
       "<table border=\"1\" class=\"dataframe\">\n",
       "  <thead>\n",
       "    <tr style=\"text-align: right;\">\n",
       "      <th></th>\n",
       "      <th>Date</th>\n",
       "      <th>Open*</th>\n",
       "      <th>High</th>\n",
       "      <th>Low</th>\n",
       "      <th>Close**</th>\n",
       "      <th>Volume</th>\n",
       "      <th>Market Cap</th>\n",
       "    </tr>\n",
       "  </thead>\n",
       "  <tbody>\n",
       "    <tr>\n",
       "      <td>28</td>\n",
       "      <td>Feb 20, 2019</td>\n",
       "      <td>3946.68</td>\n",
       "      <td>4000.49</td>\n",
       "      <td>3926.25</td>\n",
       "      <td>3999.82</td>\n",
       "      <td>8693373948</td>\n",
       "      <td>70194350042</td>\n",
       "    </tr>\n",
       "    <tr>\n",
       "      <td>27</td>\n",
       "      <td>Feb 21, 2019</td>\n",
       "      <td>4000.26</td>\n",
       "      <td>4010.01</td>\n",
       "      <td>3940.11</td>\n",
       "      <td>3954.12</td>\n",
       "      <td>7775128102</td>\n",
       "      <td>69398333876</td>\n",
       "    </tr>\n",
       "    <tr>\n",
       "      <td>26</td>\n",
       "      <td>Feb 22, 2019</td>\n",
       "      <td>3952.41</td>\n",
       "      <td>4006.54</td>\n",
       "      <td>3950.82</td>\n",
       "      <td>4005.53</td>\n",
       "      <td>7826525254</td>\n",
       "      <td>70308555857</td>\n",
       "    </tr>\n",
       "    <tr>\n",
       "      <td>25</td>\n",
       "      <td>Feb 23, 2019</td>\n",
       "      <td>3998.92</td>\n",
       "      <td>4166.29</td>\n",
       "      <td>3968.73</td>\n",
       "      <td>4142.53</td>\n",
       "      <td>8922258316</td>\n",
       "      <td>72720867208</td>\n",
       "    </tr>\n",
       "    <tr>\n",
       "      <td>24</td>\n",
       "      <td>Feb 24, 2019</td>\n",
       "      <td>4145.46</td>\n",
       "      <td>4210.64</td>\n",
       "      <td>3793.71</td>\n",
       "      <td>3810.43</td>\n",
       "      <td>10794227451</td>\n",
       "      <td>66897483404</td>\n",
       "    </tr>\n",
       "    <tr>\n",
       "      <td>23</td>\n",
       "      <td>Feb 25, 2019</td>\n",
       "      <td>3807.00</td>\n",
       "      <td>3913.71</td>\n",
       "      <td>3807.00</td>\n",
       "      <td>3882.70</td>\n",
       "      <td>9318796067</td>\n",
       "      <td>68173204651</td>\n",
       "    </tr>\n",
       "    <tr>\n",
       "      <td>22</td>\n",
       "      <td>Feb 26, 2019</td>\n",
       "      <td>3878.70</td>\n",
       "      <td>3891.58</td>\n",
       "      <td>3837.99</td>\n",
       "      <td>3854.36</td>\n",
       "      <td>7931218996</td>\n",
       "      <td>67683296223</td>\n",
       "    </tr>\n",
       "    <tr>\n",
       "      <td>21</td>\n",
       "      <td>Feb 27, 2019</td>\n",
       "      <td>3857.48</td>\n",
       "      <td>3888.80</td>\n",
       "      <td>3787.06</td>\n",
       "      <td>3851.05</td>\n",
       "      <td>8301309684</td>\n",
       "      <td>67631949500</td>\n",
       "    </tr>\n",
       "    <tr>\n",
       "      <td>20</td>\n",
       "      <td>Feb 28, 2019</td>\n",
       "      <td>3848.26</td>\n",
       "      <td>3906.06</td>\n",
       "      <td>3845.82</td>\n",
       "      <td>3854.79</td>\n",
       "      <td>8399767798</td>\n",
       "      <td>67704774107</td>\n",
       "    </tr>\n",
       "    <tr>\n",
       "      <td>19</td>\n",
       "      <td>Mar 01, 2019</td>\n",
       "      <td>3853.76</td>\n",
       "      <td>3907.80</td>\n",
       "      <td>3851.69</td>\n",
       "      <td>3859.58</td>\n",
       "      <td>7661247975</td>\n",
       "      <td>67796965743</td>\n",
       "    </tr>\n",
       "    <tr>\n",
       "      <td>18</td>\n",
       "      <td>Mar 02, 2019</td>\n",
       "      <td>3855.32</td>\n",
       "      <td>3874.61</td>\n",
       "      <td>3832.13</td>\n",
       "      <td>3864.42</td>\n",
       "      <td>7578786076</td>\n",
       "      <td>67888255371</td>\n",
       "    </tr>\n",
       "    <tr>\n",
       "      <td>17</td>\n",
       "      <td>Mar 03, 2019</td>\n",
       "      <td>3862.27</td>\n",
       "      <td>3875.48</td>\n",
       "      <td>3836.91</td>\n",
       "      <td>3847.18</td>\n",
       "      <td>7253558152</td>\n",
       "      <td>67592376373</td>\n",
       "    </tr>\n",
       "    <tr>\n",
       "      <td>16</td>\n",
       "      <td>Mar 04, 2019</td>\n",
       "      <td>3845.09</td>\n",
       "      <td>3867.38</td>\n",
       "      <td>3733.75</td>\n",
       "      <td>3761.56</td>\n",
       "      <td>9029175788</td>\n",
       "      <td>66094551587</td>\n",
       "    </tr>\n",
       "    <tr>\n",
       "      <td>15</td>\n",
       "      <td>Mar 05, 2019</td>\n",
       "      <td>3759.83</td>\n",
       "      <td>3903.92</td>\n",
       "      <td>3745.18</td>\n",
       "      <td>3896.38</td>\n",
       "      <td>10174126415</td>\n",
       "      <td>68470655400</td>\n",
       "    </tr>\n",
       "    <tr>\n",
       "      <td>14</td>\n",
       "      <td>Mar 06, 2019</td>\n",
       "      <td>3897.08</td>\n",
       "      <td>3919.51</td>\n",
       "      <td>3871.46</td>\n",
       "      <td>3903.94</td>\n",
       "      <td>9175291529</td>\n",
       "      <td>68609885776</td>\n",
       "    </tr>\n",
       "    <tr>\n",
       "      <td>13</td>\n",
       "      <td>Mar 07, 2019</td>\n",
       "      <td>3903.38</td>\n",
       "      <td>3939.37</td>\n",
       "      <td>3894.11</td>\n",
       "      <td>3911.48</td>\n",
       "      <td>9584165519</td>\n",
       "      <td>68749421311</td>\n",
       "    </tr>\n",
       "    <tr>\n",
       "      <td>12</td>\n",
       "      <td>Mar 08, 2019</td>\n",
       "      <td>3913.23</td>\n",
       "      <td>3950.43</td>\n",
       "      <td>3875.23</td>\n",
       "      <td>3901.13</td>\n",
       "      <td>10638638944</td>\n",
       "      <td>68574579320</td>\n",
       "    </tr>\n",
       "    <tr>\n",
       "      <td>11</td>\n",
       "      <td>Mar 09, 2019</td>\n",
       "      <td>3894.55</td>\n",
       "      <td>3987.24</td>\n",
       "      <td>3892.39</td>\n",
       "      <td>3963.31</td>\n",
       "      <td>10796103518</td>\n",
       "      <td>69674508655</td>\n",
       "    </tr>\n",
       "    <tr>\n",
       "      <td>10</td>\n",
       "      <td>Mar 10, 2019</td>\n",
       "      <td>3966.17</td>\n",
       "      <td>3966.17</td>\n",
       "      <td>3924.38</td>\n",
       "      <td>3951.60</td>\n",
       "      <td>9713267607</td>\n",
       "      <td>69475297370</td>\n",
       "    </tr>\n",
       "    <tr>\n",
       "      <td>9</td>\n",
       "      <td>Mar 11, 2019</td>\n",
       "      <td>3953.74</td>\n",
       "      <td>3966.38</td>\n",
       "      <td>3889.24</td>\n",
       "      <td>3905.23</td>\n",
       "      <td>10125901903</td>\n",
       "      <td>68666928025</td>\n",
       "    </tr>\n",
       "    <tr>\n",
       "      <td>8</td>\n",
       "      <td>Mar 12, 2019</td>\n",
       "      <td>3903.76</td>\n",
       "      <td>3926.89</td>\n",
       "      <td>3863.56</td>\n",
       "      <td>3909.16</td>\n",
       "      <td>9809887079</td>\n",
       "      <td>68743000581</td>\n",
       "    </tr>\n",
       "    <tr>\n",
       "      <td>7</td>\n",
       "      <td>Mar 13, 2019</td>\n",
       "      <td>3913.05</td>\n",
       "      <td>3926.60</td>\n",
       "      <td>3891.90</td>\n",
       "      <td>3906.72</td>\n",
       "      <td>9469184841</td>\n",
       "      <td>68706700381</td>\n",
       "    </tr>\n",
       "    <tr>\n",
       "      <td>6</td>\n",
       "      <td>Mar 14, 2019</td>\n",
       "      <td>3905.58</td>\n",
       "      <td>3946.50</td>\n",
       "      <td>3901.30</td>\n",
       "      <td>3924.37</td>\n",
       "      <td>10480789570</td>\n",
       "      <td>69024696307</td>\n",
       "    </tr>\n",
       "    <tr>\n",
       "      <td>5</td>\n",
       "      <td>Mar 15, 2019</td>\n",
       "      <td>3926.66</td>\n",
       "      <td>3968.54</td>\n",
       "      <td>3914.02</td>\n",
       "      <td>3960.91</td>\n",
       "      <td>9394210605</td>\n",
       "      <td>69675002377</td>\n",
       "    </tr>\n",
       "    <tr>\n",
       "      <td>4</td>\n",
       "      <td>Mar 16, 2019</td>\n",
       "      <td>3963.90</td>\n",
       "      <td>4077.04</td>\n",
       "      <td>3961.66</td>\n",
       "      <td>4048.73</td>\n",
       "      <td>9856166973</td>\n",
       "      <td>71227967573</td>\n",
       "    </tr>\n",
       "    <tr>\n",
       "      <td>3</td>\n",
       "      <td>Mar 17, 2019</td>\n",
       "      <td>4047.72</td>\n",
       "      <td>4054.12</td>\n",
       "      <td>4006.41</td>\n",
       "      <td>4025.23</td>\n",
       "      <td>8221625400</td>\n",
       "      <td>70821939585</td>\n",
       "    </tr>\n",
       "    <tr>\n",
       "      <td>2</td>\n",
       "      <td>Mar 18, 2019</td>\n",
       "      <td>4029.97</td>\n",
       "      <td>4071.56</td>\n",
       "      <td>4009.12</td>\n",
       "      <td>4032.51</td>\n",
       "      <td>9646954186</td>\n",
       "      <td>70958165407</td>\n",
       "    </tr>\n",
       "    <tr>\n",
       "      <td>1</td>\n",
       "      <td>Mar 19, 2019</td>\n",
       "      <td>4032.69</td>\n",
       "      <td>4082.22</td>\n",
       "      <td>4023.81</td>\n",
       "      <td>4071.19</td>\n",
       "      <td>9344919956</td>\n",
       "      <td>71647703828</td>\n",
       "    </tr>\n",
       "    <tr>\n",
       "      <td>0</td>\n",
       "      <td>Mar 20, 2019</td>\n",
       "      <td>4070.79</td>\n",
       "      <td>4089.46</td>\n",
       "      <td>4031.11</td>\n",
       "      <td>4087.48</td>\n",
       "      <td>10175916388</td>\n",
       "      <td>71942444088</td>\n",
       "    </tr>\n",
       "  </tbody>\n",
       "</table>\n",
       "</div>"
      ],
      "text/plain": [
       "            Date    Open*     High      Low  Close**       Volume   Market Cap\n",
       "28  Feb 20, 2019  3946.68  4000.49  3926.25  3999.82   8693373948  70194350042\n",
       "27  Feb 21, 2019  4000.26  4010.01  3940.11  3954.12   7775128102  69398333876\n",
       "26  Feb 22, 2019  3952.41  4006.54  3950.82  4005.53   7826525254  70308555857\n",
       "25  Feb 23, 2019  3998.92  4166.29  3968.73  4142.53   8922258316  72720867208\n",
       "24  Feb 24, 2019  4145.46  4210.64  3793.71  3810.43  10794227451  66897483404\n",
       "23  Feb 25, 2019  3807.00  3913.71  3807.00  3882.70   9318796067  68173204651\n",
       "22  Feb 26, 2019  3878.70  3891.58  3837.99  3854.36   7931218996  67683296223\n",
       "21  Feb 27, 2019  3857.48  3888.80  3787.06  3851.05   8301309684  67631949500\n",
       "20  Feb 28, 2019  3848.26  3906.06  3845.82  3854.79   8399767798  67704774107\n",
       "19  Mar 01, 2019  3853.76  3907.80  3851.69  3859.58   7661247975  67796965743\n",
       "18  Mar 02, 2019  3855.32  3874.61  3832.13  3864.42   7578786076  67888255371\n",
       "17  Mar 03, 2019  3862.27  3875.48  3836.91  3847.18   7253558152  67592376373\n",
       "16  Mar 04, 2019  3845.09  3867.38  3733.75  3761.56   9029175788  66094551587\n",
       "15  Mar 05, 2019  3759.83  3903.92  3745.18  3896.38  10174126415  68470655400\n",
       "14  Mar 06, 2019  3897.08  3919.51  3871.46  3903.94   9175291529  68609885776\n",
       "13  Mar 07, 2019  3903.38  3939.37  3894.11  3911.48   9584165519  68749421311\n",
       "12  Mar 08, 2019  3913.23  3950.43  3875.23  3901.13  10638638944  68574579320\n",
       "11  Mar 09, 2019  3894.55  3987.24  3892.39  3963.31  10796103518  69674508655\n",
       "10  Mar 10, 2019  3966.17  3966.17  3924.38  3951.60   9713267607  69475297370\n",
       "9   Mar 11, 2019  3953.74  3966.38  3889.24  3905.23  10125901903  68666928025\n",
       "8   Mar 12, 2019  3903.76  3926.89  3863.56  3909.16   9809887079  68743000581\n",
       "7   Mar 13, 2019  3913.05  3926.60  3891.90  3906.72   9469184841  68706700381\n",
       "6   Mar 14, 2019  3905.58  3946.50  3901.30  3924.37  10480789570  69024696307\n",
       "5   Mar 15, 2019  3926.66  3968.54  3914.02  3960.91   9394210605  69675002377\n",
       "4   Mar 16, 2019  3963.90  4077.04  3961.66  4048.73   9856166973  71227967573\n",
       "3   Mar 17, 2019  4047.72  4054.12  4006.41  4025.23   8221625400  70821939585\n",
       "2   Mar 18, 2019  4029.97  4071.56  4009.12  4032.51   9646954186  70958165407\n",
       "1   Mar 19, 2019  4032.69  4082.22  4023.81  4071.19   9344919956  71647703828\n",
       "0   Mar 20, 2019  4070.79  4089.46  4031.11  4087.48  10175916388  71942444088"
      ]
     },
     "execution_count": 5,
     "metadata": {},
     "output_type": "execute_result"
    }
   ],
   "source": [
    "df"
   ]
  },
  {
   "cell_type": "code",
   "execution_count": 6,
   "metadata": {},
   "outputs": [],
   "source": [
    "df['Date'] = pandas.to_datetime(df['Date'])"
   ]
  },
  {
   "cell_type": "code",
   "execution_count": 7,
   "metadata": {},
   "outputs": [
    {
     "data": {
      "text/html": [
       "<div>\n",
       "<style scoped>\n",
       "    .dataframe tbody tr th:only-of-type {\n",
       "        vertical-align: middle;\n",
       "    }\n",
       "\n",
       "    .dataframe tbody tr th {\n",
       "        vertical-align: top;\n",
       "    }\n",
       "\n",
       "    .dataframe thead th {\n",
       "        text-align: right;\n",
       "    }\n",
       "</style>\n",
       "<table border=\"1\" class=\"dataframe\">\n",
       "  <thead>\n",
       "    <tr style=\"text-align: right;\">\n",
       "      <th></th>\n",
       "      <th>Date</th>\n",
       "      <th>Open*</th>\n",
       "      <th>High</th>\n",
       "      <th>Low</th>\n",
       "      <th>Close**</th>\n",
       "      <th>Volume</th>\n",
       "      <th>Market Cap</th>\n",
       "    </tr>\n",
       "  </thead>\n",
       "  <tbody>\n",
       "    <tr>\n",
       "      <td>28</td>\n",
       "      <td>2019-02-20</td>\n",
       "      <td>3946.68</td>\n",
       "      <td>4000.49</td>\n",
       "      <td>3926.25</td>\n",
       "      <td>3999.82</td>\n",
       "      <td>8693373948</td>\n",
       "      <td>70194350042</td>\n",
       "    </tr>\n",
       "    <tr>\n",
       "      <td>27</td>\n",
       "      <td>2019-02-21</td>\n",
       "      <td>4000.26</td>\n",
       "      <td>4010.01</td>\n",
       "      <td>3940.11</td>\n",
       "      <td>3954.12</td>\n",
       "      <td>7775128102</td>\n",
       "      <td>69398333876</td>\n",
       "    </tr>\n",
       "    <tr>\n",
       "      <td>26</td>\n",
       "      <td>2019-02-22</td>\n",
       "      <td>3952.41</td>\n",
       "      <td>4006.54</td>\n",
       "      <td>3950.82</td>\n",
       "      <td>4005.53</td>\n",
       "      <td>7826525254</td>\n",
       "      <td>70308555857</td>\n",
       "    </tr>\n",
       "    <tr>\n",
       "      <td>25</td>\n",
       "      <td>2019-02-23</td>\n",
       "      <td>3998.92</td>\n",
       "      <td>4166.29</td>\n",
       "      <td>3968.73</td>\n",
       "      <td>4142.53</td>\n",
       "      <td>8922258316</td>\n",
       "      <td>72720867208</td>\n",
       "    </tr>\n",
       "    <tr>\n",
       "      <td>24</td>\n",
       "      <td>2019-02-24</td>\n",
       "      <td>4145.46</td>\n",
       "      <td>4210.64</td>\n",
       "      <td>3793.71</td>\n",
       "      <td>3810.43</td>\n",
       "      <td>10794227451</td>\n",
       "      <td>66897483404</td>\n",
       "    </tr>\n",
       "    <tr>\n",
       "      <td>23</td>\n",
       "      <td>2019-02-25</td>\n",
       "      <td>3807.00</td>\n",
       "      <td>3913.71</td>\n",
       "      <td>3807.00</td>\n",
       "      <td>3882.70</td>\n",
       "      <td>9318796067</td>\n",
       "      <td>68173204651</td>\n",
       "    </tr>\n",
       "    <tr>\n",
       "      <td>22</td>\n",
       "      <td>2019-02-26</td>\n",
       "      <td>3878.70</td>\n",
       "      <td>3891.58</td>\n",
       "      <td>3837.99</td>\n",
       "      <td>3854.36</td>\n",
       "      <td>7931218996</td>\n",
       "      <td>67683296223</td>\n",
       "    </tr>\n",
       "    <tr>\n",
       "      <td>21</td>\n",
       "      <td>2019-02-27</td>\n",
       "      <td>3857.48</td>\n",
       "      <td>3888.80</td>\n",
       "      <td>3787.06</td>\n",
       "      <td>3851.05</td>\n",
       "      <td>8301309684</td>\n",
       "      <td>67631949500</td>\n",
       "    </tr>\n",
       "    <tr>\n",
       "      <td>20</td>\n",
       "      <td>2019-02-28</td>\n",
       "      <td>3848.26</td>\n",
       "      <td>3906.06</td>\n",
       "      <td>3845.82</td>\n",
       "      <td>3854.79</td>\n",
       "      <td>8399767798</td>\n",
       "      <td>67704774107</td>\n",
       "    </tr>\n",
       "    <tr>\n",
       "      <td>19</td>\n",
       "      <td>2019-03-01</td>\n",
       "      <td>3853.76</td>\n",
       "      <td>3907.80</td>\n",
       "      <td>3851.69</td>\n",
       "      <td>3859.58</td>\n",
       "      <td>7661247975</td>\n",
       "      <td>67796965743</td>\n",
       "    </tr>\n",
       "    <tr>\n",
       "      <td>18</td>\n",
       "      <td>2019-03-02</td>\n",
       "      <td>3855.32</td>\n",
       "      <td>3874.61</td>\n",
       "      <td>3832.13</td>\n",
       "      <td>3864.42</td>\n",
       "      <td>7578786076</td>\n",
       "      <td>67888255371</td>\n",
       "    </tr>\n",
       "    <tr>\n",
       "      <td>17</td>\n",
       "      <td>2019-03-03</td>\n",
       "      <td>3862.27</td>\n",
       "      <td>3875.48</td>\n",
       "      <td>3836.91</td>\n",
       "      <td>3847.18</td>\n",
       "      <td>7253558152</td>\n",
       "      <td>67592376373</td>\n",
       "    </tr>\n",
       "    <tr>\n",
       "      <td>16</td>\n",
       "      <td>2019-03-04</td>\n",
       "      <td>3845.09</td>\n",
       "      <td>3867.38</td>\n",
       "      <td>3733.75</td>\n",
       "      <td>3761.56</td>\n",
       "      <td>9029175788</td>\n",
       "      <td>66094551587</td>\n",
       "    </tr>\n",
       "    <tr>\n",
       "      <td>15</td>\n",
       "      <td>2019-03-05</td>\n",
       "      <td>3759.83</td>\n",
       "      <td>3903.92</td>\n",
       "      <td>3745.18</td>\n",
       "      <td>3896.38</td>\n",
       "      <td>10174126415</td>\n",
       "      <td>68470655400</td>\n",
       "    </tr>\n",
       "    <tr>\n",
       "      <td>14</td>\n",
       "      <td>2019-03-06</td>\n",
       "      <td>3897.08</td>\n",
       "      <td>3919.51</td>\n",
       "      <td>3871.46</td>\n",
       "      <td>3903.94</td>\n",
       "      <td>9175291529</td>\n",
       "      <td>68609885776</td>\n",
       "    </tr>\n",
       "    <tr>\n",
       "      <td>13</td>\n",
       "      <td>2019-03-07</td>\n",
       "      <td>3903.38</td>\n",
       "      <td>3939.37</td>\n",
       "      <td>3894.11</td>\n",
       "      <td>3911.48</td>\n",
       "      <td>9584165519</td>\n",
       "      <td>68749421311</td>\n",
       "    </tr>\n",
       "    <tr>\n",
       "      <td>12</td>\n",
       "      <td>2019-03-08</td>\n",
       "      <td>3913.23</td>\n",
       "      <td>3950.43</td>\n",
       "      <td>3875.23</td>\n",
       "      <td>3901.13</td>\n",
       "      <td>10638638944</td>\n",
       "      <td>68574579320</td>\n",
       "    </tr>\n",
       "    <tr>\n",
       "      <td>11</td>\n",
       "      <td>2019-03-09</td>\n",
       "      <td>3894.55</td>\n",
       "      <td>3987.24</td>\n",
       "      <td>3892.39</td>\n",
       "      <td>3963.31</td>\n",
       "      <td>10796103518</td>\n",
       "      <td>69674508655</td>\n",
       "    </tr>\n",
       "    <tr>\n",
       "      <td>10</td>\n",
       "      <td>2019-03-10</td>\n",
       "      <td>3966.17</td>\n",
       "      <td>3966.17</td>\n",
       "      <td>3924.38</td>\n",
       "      <td>3951.60</td>\n",
       "      <td>9713267607</td>\n",
       "      <td>69475297370</td>\n",
       "    </tr>\n",
       "    <tr>\n",
       "      <td>9</td>\n",
       "      <td>2019-03-11</td>\n",
       "      <td>3953.74</td>\n",
       "      <td>3966.38</td>\n",
       "      <td>3889.24</td>\n",
       "      <td>3905.23</td>\n",
       "      <td>10125901903</td>\n",
       "      <td>68666928025</td>\n",
       "    </tr>\n",
       "    <tr>\n",
       "      <td>8</td>\n",
       "      <td>2019-03-12</td>\n",
       "      <td>3903.76</td>\n",
       "      <td>3926.89</td>\n",
       "      <td>3863.56</td>\n",
       "      <td>3909.16</td>\n",
       "      <td>9809887079</td>\n",
       "      <td>68743000581</td>\n",
       "    </tr>\n",
       "    <tr>\n",
       "      <td>7</td>\n",
       "      <td>2019-03-13</td>\n",
       "      <td>3913.05</td>\n",
       "      <td>3926.60</td>\n",
       "      <td>3891.90</td>\n",
       "      <td>3906.72</td>\n",
       "      <td>9469184841</td>\n",
       "      <td>68706700381</td>\n",
       "    </tr>\n",
       "    <tr>\n",
       "      <td>6</td>\n",
       "      <td>2019-03-14</td>\n",
       "      <td>3905.58</td>\n",
       "      <td>3946.50</td>\n",
       "      <td>3901.30</td>\n",
       "      <td>3924.37</td>\n",
       "      <td>10480789570</td>\n",
       "      <td>69024696307</td>\n",
       "    </tr>\n",
       "    <tr>\n",
       "      <td>5</td>\n",
       "      <td>2019-03-15</td>\n",
       "      <td>3926.66</td>\n",
       "      <td>3968.54</td>\n",
       "      <td>3914.02</td>\n",
       "      <td>3960.91</td>\n",
       "      <td>9394210605</td>\n",
       "      <td>69675002377</td>\n",
       "    </tr>\n",
       "    <tr>\n",
       "      <td>4</td>\n",
       "      <td>2019-03-16</td>\n",
       "      <td>3963.90</td>\n",
       "      <td>4077.04</td>\n",
       "      <td>3961.66</td>\n",
       "      <td>4048.73</td>\n",
       "      <td>9856166973</td>\n",
       "      <td>71227967573</td>\n",
       "    </tr>\n",
       "    <tr>\n",
       "      <td>3</td>\n",
       "      <td>2019-03-17</td>\n",
       "      <td>4047.72</td>\n",
       "      <td>4054.12</td>\n",
       "      <td>4006.41</td>\n",
       "      <td>4025.23</td>\n",
       "      <td>8221625400</td>\n",
       "      <td>70821939585</td>\n",
       "    </tr>\n",
       "    <tr>\n",
       "      <td>2</td>\n",
       "      <td>2019-03-18</td>\n",
       "      <td>4029.97</td>\n",
       "      <td>4071.56</td>\n",
       "      <td>4009.12</td>\n",
       "      <td>4032.51</td>\n",
       "      <td>9646954186</td>\n",
       "      <td>70958165407</td>\n",
       "    </tr>\n",
       "    <tr>\n",
       "      <td>1</td>\n",
       "      <td>2019-03-19</td>\n",
       "      <td>4032.69</td>\n",
       "      <td>4082.22</td>\n",
       "      <td>4023.81</td>\n",
       "      <td>4071.19</td>\n",
       "      <td>9344919956</td>\n",
       "      <td>71647703828</td>\n",
       "    </tr>\n",
       "    <tr>\n",
       "      <td>0</td>\n",
       "      <td>2019-03-20</td>\n",
       "      <td>4070.79</td>\n",
       "      <td>4089.46</td>\n",
       "      <td>4031.11</td>\n",
       "      <td>4087.48</td>\n",
       "      <td>10175916388</td>\n",
       "      <td>71942444088</td>\n",
       "    </tr>\n",
       "  </tbody>\n",
       "</table>\n",
       "</div>"
      ],
      "text/plain": [
       "         Date    Open*     High      Low  Close**       Volume   Market Cap\n",
       "28 2019-02-20  3946.68  4000.49  3926.25  3999.82   8693373948  70194350042\n",
       "27 2019-02-21  4000.26  4010.01  3940.11  3954.12   7775128102  69398333876\n",
       "26 2019-02-22  3952.41  4006.54  3950.82  4005.53   7826525254  70308555857\n",
       "25 2019-02-23  3998.92  4166.29  3968.73  4142.53   8922258316  72720867208\n",
       "24 2019-02-24  4145.46  4210.64  3793.71  3810.43  10794227451  66897483404\n",
       "23 2019-02-25  3807.00  3913.71  3807.00  3882.70   9318796067  68173204651\n",
       "22 2019-02-26  3878.70  3891.58  3837.99  3854.36   7931218996  67683296223\n",
       "21 2019-02-27  3857.48  3888.80  3787.06  3851.05   8301309684  67631949500\n",
       "20 2019-02-28  3848.26  3906.06  3845.82  3854.79   8399767798  67704774107\n",
       "19 2019-03-01  3853.76  3907.80  3851.69  3859.58   7661247975  67796965743\n",
       "18 2019-03-02  3855.32  3874.61  3832.13  3864.42   7578786076  67888255371\n",
       "17 2019-03-03  3862.27  3875.48  3836.91  3847.18   7253558152  67592376373\n",
       "16 2019-03-04  3845.09  3867.38  3733.75  3761.56   9029175788  66094551587\n",
       "15 2019-03-05  3759.83  3903.92  3745.18  3896.38  10174126415  68470655400\n",
       "14 2019-03-06  3897.08  3919.51  3871.46  3903.94   9175291529  68609885776\n",
       "13 2019-03-07  3903.38  3939.37  3894.11  3911.48   9584165519  68749421311\n",
       "12 2019-03-08  3913.23  3950.43  3875.23  3901.13  10638638944  68574579320\n",
       "11 2019-03-09  3894.55  3987.24  3892.39  3963.31  10796103518  69674508655\n",
       "10 2019-03-10  3966.17  3966.17  3924.38  3951.60   9713267607  69475297370\n",
       "9  2019-03-11  3953.74  3966.38  3889.24  3905.23  10125901903  68666928025\n",
       "8  2019-03-12  3903.76  3926.89  3863.56  3909.16   9809887079  68743000581\n",
       "7  2019-03-13  3913.05  3926.60  3891.90  3906.72   9469184841  68706700381\n",
       "6  2019-03-14  3905.58  3946.50  3901.30  3924.37  10480789570  69024696307\n",
       "5  2019-03-15  3926.66  3968.54  3914.02  3960.91   9394210605  69675002377\n",
       "4  2019-03-16  3963.90  4077.04  3961.66  4048.73   9856166973  71227967573\n",
       "3  2019-03-17  4047.72  4054.12  4006.41  4025.23   8221625400  70821939585\n",
       "2  2019-03-18  4029.97  4071.56  4009.12  4032.51   9646954186  70958165407\n",
       "1  2019-03-19  4032.69  4082.22  4023.81  4071.19   9344919956  71647703828\n",
       "0  2019-03-20  4070.79  4089.46  4031.11  4087.48  10175916388  71942444088"
      ]
     },
     "execution_count": 7,
     "metadata": {},
     "output_type": "execute_result"
    }
   ],
   "source": [
    "df"
   ]
  },
  {
   "cell_type": "markdown",
   "metadata": {},
   "source": [
    "將原本輸出的 Date 時間，轉變為適當的時間格式，並會直接取代掉原本在 df 的 Date。"
   ]
  },
  {
   "cell_type": "code",
   "execution_count": 8,
   "metadata": {},
   "outputs": [],
   "source": [
    "dates = df['Date'].to_numpy(dtype = 'datetime64[D]')"
   ]
  },
  {
   "cell_type": "markdown",
   "metadata": {},
   "source": [
    "將適當的時間格式，轉變為 numpy 的時間格式，在datetime64[] 裡面可以放入其它字元，就會顯示出不同的結果。\n",
    "\n",
    "1. s 會直接顯示到秒。\n",
    "2. m 會直接顯示到分。\n",
    "3. h 會直接顯示到時。\n",
    "4. D 會直接顯示到日。\n",
    "5. M 會直接顯示到月。\n",
    "6. Y 會直接顯示到年。\n",
    "\n",
    "在秒，分，時這三個，都要用小寫，在年月日這三個，都要用大寫。"
   ]
  },
  {
   "cell_type": "code",
   "execution_count": 9,
   "metadata": {},
   "outputs": [
    {
     "data": {
      "text/plain": [
       "array(['2019-02-20', '2019-02-21', '2019-02-22', '2019-02-23',\n",
       "       '2019-02-24', '2019-02-25', '2019-02-26', '2019-02-27',\n",
       "       '2019-02-28', '2019-03-01', '2019-03-02', '2019-03-03',\n",
       "       '2019-03-04', '2019-03-05', '2019-03-06', '2019-03-07',\n",
       "       '2019-03-08', '2019-03-09', '2019-03-10', '2019-03-11',\n",
       "       '2019-03-12', '2019-03-13', '2019-03-14', '2019-03-15',\n",
       "       '2019-03-16', '2019-03-17', '2019-03-18', '2019-03-19',\n",
       "       '2019-03-20'], dtype='datetime64[D]')"
      ]
     },
     "execution_count": 9,
     "metadata": {},
     "output_type": "execute_result"
    }
   ],
   "source": [
    "dates"
   ]
  },
  {
   "cell_type": "code",
   "execution_count": 10,
   "metadata": {},
   "outputs": [],
   "source": [
    "source = ColumnDataSource(data = dict(data = dates, close = list(df[\"Close**\"])))"
   ]
  },
  {
   "cell_type": "markdown",
   "metadata": {},
   "source": [
    "對應到資料，在 data 的部分，就是對應到日期，在 close 的部分，就是對應到表格內的 close** 這部分。"
   ]
  },
  {
   "cell_type": "code",
   "execution_count": 11,
   "metadata": {},
   "outputs": [],
   "source": [
    "# 高度是 300\n",
    "# 寬度是 1200\n",
    "# 將預設的工具欄隱藏\n",
    "# x軸資料為datetime\n",
    "# x軸位置為上方（預設為下方）\n",
    "# 背景填滿色為 #efefef\n",
    "# 在圖表製作完後，x軸顯示預設的範圍為 2019-03-04 到 2019-03-12\n",
    "\n",
    "p = figure(plot_height = 300, plot_width = 1200, tools = '', toolbar_location = None,x_axis_type ='datetime',x_axis_location = 'above',background_fill_color = '#efefef',x_range = (dates[12],dates[20]))"
   ]
  },
  {
   "cell_type": "code",
   "execution_count": 12,
   "metadata": {},
   "outputs": [
    {
     "data": {
      "text/html": [
       "<div style=\"display: table;\"><div style=\"display: table-row;\"><div style=\"display: table-cell;\"><b title=\"bokeh.models.renderers.GlyphRenderer\">GlyphRenderer</b>(</div><div style=\"display: table-cell;\">id&nbsp;=&nbsp;'1025', <span id=\"1028\" style=\"cursor: pointer;\">&hellip;)</span></div></div><div class=\"1027\" style=\"display: none;\"><div style=\"display: table-cell;\"></div><div style=\"display: table-cell;\">data_source&nbsp;=&nbsp;ColumnDataSource(id='1001', ...),</div></div><div class=\"1027\" style=\"display: none;\"><div style=\"display: table-cell;\"></div><div style=\"display: table-cell;\">glyph&nbsp;=&nbsp;Line(id='1023', ...),</div></div><div class=\"1027\" style=\"display: none;\"><div style=\"display: table-cell;\"></div><div style=\"display: table-cell;\">hover_glyph&nbsp;=&nbsp;None,</div></div><div class=\"1027\" style=\"display: none;\"><div style=\"display: table-cell;\"></div><div style=\"display: table-cell;\">js_event_callbacks&nbsp;=&nbsp;{},</div></div><div class=\"1027\" style=\"display: none;\"><div style=\"display: table-cell;\"></div><div style=\"display: table-cell;\">js_property_callbacks&nbsp;=&nbsp;{},</div></div><div class=\"1027\" style=\"display: none;\"><div style=\"display: table-cell;\"></div><div style=\"display: table-cell;\">level&nbsp;=&nbsp;'glyph',</div></div><div class=\"1027\" style=\"display: none;\"><div style=\"display: table-cell;\"></div><div style=\"display: table-cell;\">muted&nbsp;=&nbsp;False,</div></div><div class=\"1027\" style=\"display: none;\"><div style=\"display: table-cell;\"></div><div style=\"display: table-cell;\">muted_glyph&nbsp;=&nbsp;None,</div></div><div class=\"1027\" style=\"display: none;\"><div style=\"display: table-cell;\"></div><div style=\"display: table-cell;\">name&nbsp;=&nbsp;None,</div></div><div class=\"1027\" style=\"display: none;\"><div style=\"display: table-cell;\"></div><div style=\"display: table-cell;\">nonselection_glyph&nbsp;=&nbsp;Line(id='1024', ...),</div></div><div class=\"1027\" style=\"display: none;\"><div style=\"display: table-cell;\"></div><div style=\"display: table-cell;\">selection_glyph&nbsp;=&nbsp;None,</div></div><div class=\"1027\" style=\"display: none;\"><div style=\"display: table-cell;\"></div><div style=\"display: table-cell;\">subscribed_events&nbsp;=&nbsp;[],</div></div><div class=\"1027\" style=\"display: none;\"><div style=\"display: table-cell;\"></div><div style=\"display: table-cell;\">tags&nbsp;=&nbsp;[],</div></div><div class=\"1027\" style=\"display: none;\"><div style=\"display: table-cell;\"></div><div style=\"display: table-cell;\">view&nbsp;=&nbsp;CDSView(id='1026', ...),</div></div><div class=\"1027\" style=\"display: none;\"><div style=\"display: table-cell;\"></div><div style=\"display: table-cell;\">visible&nbsp;=&nbsp;True,</div></div><div class=\"1027\" style=\"display: none;\"><div style=\"display: table-cell;\"></div><div style=\"display: table-cell;\">x_range_name&nbsp;=&nbsp;'default',</div></div><div class=\"1027\" style=\"display: none;\"><div style=\"display: table-cell;\"></div><div style=\"display: table-cell;\">y_range_name&nbsp;=&nbsp;'default')</div></div></div>\n",
       "<script>\n",
       "(function() {\n",
       "  var expanded = false;\n",
       "  var ellipsis = document.getElementById(\"1028\");\n",
       "  ellipsis.addEventListener(\"click\", function() {\n",
       "    var rows = document.getElementsByClassName(\"1027\");\n",
       "    for (var i = 0; i < rows.length; i++) {\n",
       "      var el = rows[i];\n",
       "      el.style.display = expanded ? \"none\" : \"table-row\";\n",
       "    }\n",
       "    ellipsis.innerHTML = expanded ? \"&hellip;)\" : \"&lsaquo;&lsaquo;&lsaquo;\";\n",
       "    expanded = !expanded;\n",
       "  });\n",
       "})();\n",
       "</script>\n"
      ],
      "text/plain": [
       "GlyphRenderer(id='1025', ...)"
      ]
     },
     "execution_count": 12,
     "metadata": {},
     "output_type": "execute_result"
    }
   ],
   "source": [
    "p.line('data','close',source = source)"
   ]
  },
  {
   "cell_type": "code",
   "execution_count": 13,
   "metadata": {},
   "outputs": [],
   "source": [
    "# y軸圖例顯示為 price\n",
    "p.yaxis.axis_label = 'Price'"
   ]
  },
  {
   "cell_type": "code",
   "execution_count": 14,
   "metadata": {},
   "outputs": [],
   "source": [
    "select = figure(title = 'Drag the middle and edges of selection box to change the range above',plot_height = 130,plot_width = 1200,y_range = p.y_range,x_axis_type = 'datetime',y_axis_type = None,tools = '',toolbar_location = None,background_fill_color = '#efefef')"
   ]
  },
  {
   "cell_type": "code",
   "execution_count": 15,
   "metadata": {},
   "outputs": [],
   "source": [
    "range_tool = RangeTool(x_range = p.x_range)"
   ]
  },
  {
   "cell_type": "code",
   "execution_count": 16,
   "metadata": {},
   "outputs": [],
